$ANSIBLE_VAULT;1.1;AES256
31333265333366353636303265386433623138633230336662336331633232336461653863346630
3233326664623538306461666161396563383138636339620a346136303163313939313131643232
62613961346264666439363436653430346436616164313531373137623239333234636236396266
3062663165666364370a643864313038306339303833393134356362363737373238383863626138
62636634656464386630306239336362323566383966333465333761366433346164373435666164
35346364376434376639306639653036363733626662356561353539386436343233613138313666
65346139383832373931653335623930663563373366643537653366666332313430356238383466
63633232326237366230396432383635316331343534386561343032373136643239306639316533
63613762316136333231626235366238653265656538623034393734313062323737316232636430
34393761636436363038386233313138353832383666663838326432663461333439373838616534
31383834303564343062313333633766363764643833396636363835653766643733383638626432
35393038613439333933663963376161383530333530326332653363616562326336366563306238
33306336666533373639633031643663646538333062393761663664343236343934643564326135
35343934643639646533363633666462356435383961326330643737393235363730363035313164
33376664376164633962643462336161376235393731336639626261646231363866616131303031
63363263386566663433356339623665646432356437326531333830303632396166633739346665
34343334613365623331633563323838613538666436653638613530636134666165336465663737
37613434353831336330646630316666316264323437623339323332303239653030323632396638
38396562313635633730656530363066313734656535366339363764343463636532663539373634
35373966616361613839363832646132353134653334393264666338366335326266656636613563
30613331363665353638336336343130666266333765646366623134363331383937643537353361
64656439386431363866353132653564633138366632306561383462653038363437343939393034
64356666306636396462613538613130386634336333646635613938376334656562646631383536
35616637386565313063363365306132653565363535303762616633646431313934353963643030
63643364313466393362643734623630356161383537386637313964323865616538326532376437
62313261383861393933646533636632653735356562346366373962316633666339313165336262
37363337323230373965373565633330376130653237393062636134396130333439373431316164
39636331363234613631353765313139356131633130353264303630623035326261636334303434
62353365636565353262666665663230323932653533386663623964326234656337343463653530
65363665363838336533393839636165343731393666303361633262646266326632346430396537
35313466396364303930623166623165643530336333643931613230323836616539353363643165
30623266666265383031356233333934373263313734646263333238393430343564396238393562
36616464383263636164303064363234373564656163396361653666636461643163313263653934
39373438326335636232646534616632336636633334343239313763656636366662323063626439
35653534396334643532333732336561613135393365663061643966313230653065396135363237
62623236656661393365633135313966383464363266626564653332316638353338386136333063
36663565646362666439303630626564313537663734376434383563663966306161353763623730
63306235663664356532346366326639373130366433316363323536633534383235613632663534
63333437343163666437356565613462303533333036383039326162303464366661346335643439
62666464626433643536366261346131313039323736643138363037623635663035393862383063
61663132643938323766633635313333656136316435616566343561626132646363306534356662
66343335623439396330343065623464646532373934383339396337323832333566363461363561
30633233376464353436373361656463316538373334653832626432646434633939343236373432
62396432663535663636666563326365393534633036623630303835303430616637626339303861
38613732643837356135396165663434636230386462303331383339316139653133336266353062
31333566333336333266636134373966663665643939343961666566623639303935336536306264
66653438613361633963643536616661633261343834313033613439653635613339343136393438
65623934316366363038
